0 18825 575 0 11 120 947 0 1735 1739
0 62 43081 0 95 280 1013 1 5095 20
0 1475 15942 1 1736 174 1211 7 3662 786
0 0 0 45589 1 34 0 0 4 0
0 131 82 632 95 25032 39 12 248 241
0 1 0 17 115 51 0 43666 0 0
0 4 1 1759 46315 11365 0 5327 3536 2717
9 8619 1579 0 163 1142 35987 0 16461 16765
2 8061 461 0 121 272 9051 0 4927 10645
0 89 346 1302 3605 759 87 1009 1658 18216
0 0 2 652 294 747 0 5 4893 2329
0 0 0 8 0 39 0 0 248 2
1 2640 3619 0 98 8722 2497 4 2357 2276
0 53 41 0 10 1009 32 0 55 50
0 11378 13032 0 417 252 2915 0 6262 4799
