2 16683 444 1 1077 164 2136 0 2062 2666
0 179 40612 0 145 282 1020 0 5008 73
0 2026 13394 7 1833 166 1590 6 3380 1199
0 0 0 41920 0 22 0 0 2 0
0 86 49 400 167 16756 24 41 173 199
0 0 0 0 69 14 0 27197 0 0
0 0 0 104 19731 6926 0 3013 1841 593
5 5215 1042 3 2032 758 23173 11 10886 10286
1 5102 242 3 1735 358 9661 4 5123 8179
0 103 303 1734 8007 911 92 1074 1590 17691
0 2 5 781 421 1385 1 12 4474 2341
0 0 0 7 2 37 0 0 220 1
0 2454 3266 7 2073 15351 2205 1459 2142 2107
0 50 35 0 126 1314 40 12241 59 60
3 14257 11486 6 10389 488 8489 17 9054 9058
