0 0 0 45589 1 34 0 0 4 0
0 131 82 632 95 25032 39 12 248 241
0 1 0 17 115 51 0 43666 0 0
0 8927 13845 531 9271 4176 9682 1101 8086 10157
0 0 0 106 64 146 0 0 853 423
3 3184 4856 241 3286 1470 3361 385 3235 3748
0 1061 38835 1 1264 1585 1457 13 5803 529
0 10498 822 0 2871 344 541 0 1594 2349
8 20709 9453 1121 26614 12774 31453 3344 20166 22078
0 55 219 794 2170 474 53 643 1046 11482
0 0 1 415 174 473 0 4 3218 1435
0 1117 1771 87 1155 596 1183 158 1143 1352
1 5655 8877 424 5996 2836 6010 705 5705 6790
