2 83541 5940 0 41 444 5195 0 7806 12205
0 291 423615 0 530 1125 5454 3 23121 123
3 6750 157727 2 8748 598 6441 34 15782 5354
0 0 0 182372 7 112 0 0 12 1
0 516 677 2658 423 102695 209 52 1022 1554
0 0 0 42 501 196 0 176112 1 2
0 17 3 6945 228623 45840 0 21621 15606 18968
186 37735 16359 0 764 4297 188214 1 72139 112660
24 36236 4922 0 600 1193 46678 0 22000 73047
2 364 3434 5118 17907 3306 420 4062 7395 123523
0 0 6 2839 1394 2924 0 24 21676 16189
0 0 0 42 4 154 0 0 1130 14
16 11872 35092 0 447 33423 12818 22 10214 15818
0 203 430 0 23 3893 178 0 232 413
5 50671 129405 0 1970 995 15048 1 27462 32870
